01016500
01018000
01022260
01022500
01023000
01027200
01029200
01031300
01035000
01038000
01044550
01046000
01052500
01054200
01054300
01055000
01055500
01057000
01064500
01064801
01074520
01084000
01084500
01087000
01089000
01089500
01133000
01134500
01135300
01137500
01145000
01153500
01170100
01181000
01198000
01201487
01319000
01333500
01343060
01349150
01361500
01372500
0137449480
01374531
01413408
01413500
01420500
01421900
01422000
01422500
01423000
01426000
01428750
01432900
01435000
01439500
01442500
01447500
01498500
01502000
01507500
01510000
01510500
01514000
01516350
01525981
01526000
01527000
01527500
01528000
01532000
01538000
01539000
01550000
03013000
03015500
03021350
03021500
03022554
03093000
03102950
03116077
03123000
03144000
03218000
03220000
03224500
03228300
03228750
03230800
03232000
03238500
03238745
03240000
03241500
03267000
03271000
03271800
03272700
03274750
03275600
03277000
03325500
03327520
03329700
03333450
03334500
03335690
03335700
03340800
03343400
03346000
03348350
03349700
03350700
03351500
03357330
03358000
03361650
03362000
03363500
03364200
03364500
03365000
03366500
03378000
04014500
04025500
04033000
04035000
04040500
04042500
04043150
04057510
04062200
04063700
04066500
04071858
04072150
04074538
04077630
04081000
04085200
04086500
04087120
04087240
04094000
04094500
04095300
04096015
04096400
04096515
04096600
04096900
04099510
04099750
04099808
04102776
04104945
04108600
04108800
04121900
04121944
04123000
04123500
04124500
04125460
04126740
04126970
04127997
04146000
04146063
04150000
04150500
04152238
04153500
04158500
04159900
04160600
04161820
04166100
04173500
04176605
04177000
04179500
04180000
04184500
04196500
04196800
04197100
04199000
04199500
04207200
04212500
04213000
04215500
04217500
04218000
04225000
04227000
04230380
04230500
04232100
04237962
04256000
04268800
04270200
04273700
04273800
04276842
04280450
04282525
04282650
04282780
04282795
05060500
05061000
05078230
05082625
05083600
05087500
05098800
05099400
05123600
05124480
05130500
05139500
05212700
05287890
05311400
05315000
05317200
05320270
05327000
05331833
05337400
05342000
05357335
05376000
05376500
05382325
05384500
05385500
05387440
05388500
05389000
05393500
05394500
05397500
05399500
05406500
05407470
05408000
05411600
05412400
05413500
05414000
05414500
05414820
05415000
05416900
05417000
05420000
05420560
05420680
05422600
05423000
05424000
05426250
05427718
05427850
05431022
05432500
05433000
05438250
05439000
05440500
05444000
05449000
05451210
05451700
05451900
05452000
05452200
05453000
05454220
05454300
05455100
05458000
05459000
05463000
05463500
05464220
05466000
05467000
05468500
05469500
05470000
05470500
05471200
05473450
05473500
05480000
05481950
05482170
05483450
05484800
05485605
05485640
05486000
05487980
05488200
05489000
05494300
05495500
05501000
05502040
05502300
05503800
05506350
05507600
05508805
05513000
05515000
05516500
05519500
05523500
05524000
05527800
05527950
05529000
05536105
05539000
05540130
05548280
05550300
05551200
05551675
05556500
05558500
05559500
05563500
05564400
05568800
05570370
05570910
05571000
05574500
05577500
05579500
05580500
05581500
05586800
05587900
05590800
05590950
05591700
05592050
05592300
05592575
05592800
05592900
05593520
05593900
05594450
06341400
06342450
06348500
06354882
06467600
06474300
06476500
06478540
06478690
06479215
06479438
06484000
06600000
06600100
06600300
06601000
06800000
06803080
06803093
06803170
06803486
06803510
06803520
06803530
06804000
06806500
06811840
06815500
06818750
06897000
06897950
06898400
06900000
06900050
06903400
06903700
06906000
