1013500
1022500
1030500
1052500
1055000
1057000
1078000
1117468
1118300
1121000
1123000
1144000
1162500
1169000
1170100
1181000
1187300
1333000
1350080
1350140
1362200
1365000
1413500
1414500
1415000
1435000
1439500
1440000
1440400
1532000
1539000
1548500
1550000
1552000
3015500
3237500
3238500
3241500
3338780
3340800
3346000
3364500
3366500
4015330
4024430
4027000
4045500
4056500
4057510
4059500
4105700
4122200
4122500
4124000
4127918
4185000
4196800
4197100
4213000
4221000
4256000
4296000
5062500
5087500
5123400
5129115
5131500
5291000
5362000
5399500
5408000
5412500
5413500
5414000
5444000
5454000
5458000
5466500
5487980
5488200
5489000
5495000
5495500
5501000
5507600
5508805
5514500
5525500
5556500
5585000
5592050
5592575
5593575
5595730
6470800
6477500
6903400
1031500
1047000
1195100
1208990
1350000
1423000